6
14
28
38
46
59
63
75
83
91
99
106
110
118
124
126
134
142
146
150
157
159
165
169
173
175
179
183
185
187
0
0
0
0
0
0
0
0
0
0
0
0
0
2
14
26
38
46
55
63
75
83
91
95
106
110
118
124
126
128
0
0
0
0
0
0
0
0
0
2
14
26
38
46
59
63
75
83
91
95
106
110
118
124
126
136
140
146
150
157
159
165
167
171
175
179
183
185
189
191
193
197
199
201
203
206
208
210
210
212
214
216
218
218
220
222
222
224
226
226
228
228
230
230
232
232
232
234
234
236
236
236
236
238
238
238
240
240
240
240
240
242
242
242
242
242
244
244
244
240
228
220
210
201
193
185
179
171
165
159
152
148
140
136
130
128
120
114
112
106
102
97
95
89
87
83
79
77
73
71
69
65
63
61
57
55
53
51
50
48
46
44
42
40
40
38
36
34
34
32
30
28
28
26
26
24
24
22
22
20
20
18
18
18
16
16
16
14
14
14
12
12
12
12
